[m[38;2;138;183;255;48;2;24;28;44m  [m[38;2;138;183;255;48;2;24;28;44m [m[38;2;138;183;255;48;2;24;28;44m [m[38;2;217;225;244;48;2;24;28;44m [m[1;38;2;255;208;230;48;2;101;51;79mTE[m[38;2;148;163;193;48;2;24;28;44m Termina…[m[38;2;217;225;244;48;2;24;28;44m  /  Build the work…[m[38;2;217;225;244;48;2;24;28;44m [m[38;2;239;200;110;48;2;24;28;44m [m[38;2;239;200;110;48;2;24;28;44m [m[38;2;16;20;33;48;2;239;200;110m 3 [m[38;2;239;200;110;48;2;24;28;44m [m[38;2;217;225;244;48;2;24;28;44m  [m[38;2;138;183;255;48;2;24;28;44m  [m[38;2;138;183;255;48;2;24;28;44m [m[38;2;138;183;255;48;2;24;28;44m  [m[38;2;138;183;255;48;2;24;28;44m  [m[38;2;138;183;255;48;2;24;28;44m [m[38;2;138;183;255;48;2;24;28;44m   [m
[38;2;217;225;244;48;2;24;28;44m                                                            [m
[38;2;217;225;244;48;2;24;28;44m                      [m[38;2;217;225;244;48;2;36;45;67m [m[38;2;217;225;244;48;2;36;45;67m                                   [m[38;2;217;225;244;48;2;36;45;67m [m[38;2;217;225;244;48;2;24;28;44m [m
[38;2;217;225;244;48;2;24;28;44m                      [m[38;2;217;225;244;48;2;36;45;67m [m[38;2;217;225;244;48;2;36;45;67mBuild a calm workspace with focused[m[38;2;217;225;244;48;2;36;45;67m [m[38;2;217;225;244;48;2;24;28;44m [m
[38;2;217;225;244;48;2;24;28;44m                      [m[38;2;217;225;244;48;2;36;45;67m [m[38;2;217;225;244;48;2;36;45;67mnavigation and useful inspectors.  [m[38;2;217;225;244;48;2;36;45;67m [m[38;2;217;225;244;48;2;24;28;44m [m
[38;2;217;225;244;48;2;24;28;44m                      [m[38;2;217;225;244;48;2;36;45;67m [m[38;2;217;225;244;48;2;36;45;67m                                   [m[38;2;217;225;244;48;2;36;45;67m [m[38;2;217;225;244;48;2;24;28;44m [m
[38;2;217;225;244;48;2;24;28;44m  [m[38;2;217;225;244;48;2;24;28;44m                                                        [m[38;2;217;225;244;48;2;24;28;44m  [m
[38;2;217;225;244;48;2;24;28;44m  [m[38;2;217;225;244;48;2;24;28;44mI’m working through the shell layout and                [m[38;2;217;225;244;48;2;24;28;44m  [m
[38;2;217;225;244;48;2;24;28;44m  [m[38;2;217;225;244;48;2;24;28;44mkeeping activity available while you                    [m[38;2;217;225;244;48;2;24;28;44m  [m
[38;2;217;225;244;48;2;24;28;44m  [m[38;2;217;225;244;48;2;24;28;44mcompose.                                                [m[38;2;217;225;244;48;2;24;28;44m  [m
[38;2;217;225;244;48;2;24;28;44m  [m[38;2;217;225;244;48;2;24;28;44m                                                        [m[38;2;217;225;244;48;2;24;28;44m  [m
[38;2;217;225;244;48;2;24;28;44m  [m[38;2;121;218;227;48;2;24;28;44m  Inspect layout contract  ·  completed                [m[38;2;217;225;244;48;2;24;28;44m  [m
[38;2;217;225;244;48;2;24;28;44m  [m[38;2;217;225;244;48;2;24;28;44mRead 3 design documents                                 [m[38;2;217;225;244;48;2;24;28;44m  [m
[38;2;217;225;244;48;2;24;28;44m  [m[38;2;217;225;244;48;2;24;28;44m                                                        [m[38;2;217;225;244;48;2;24;28;44m  [m
[38;2;217;225;244;48;2;24;28;44m  [m[38;2;121;218;227;48;2;24;28;44m  design / inspect_surface  ·  completed               [m[38;2;217;225;244;48;2;24;28;44m  [m
[38;2;217;225;244;48;2;24;28;44m  [m[38;2;217;225;244;48;2;24;28;44mInspect singleton surface behavior                      [m[38;2;217;225;244;48;2;24;28;44m  [m
[38;2;217;225;244;48;2;24;28;44m  [m[38;2;217;225;244;48;2;24;28;44m                                                        [m[38;2;217;225;244;48;2;24;28;44m  [m
[38;2;217;225;244;48;2;24;28;44m  [m[38;2;73;94;133;48;2;24;28;44m●[m[38;2;217;225;244;48;2;24;28;44m [m[38;2;217;225;244;48;2;24;28;44mThinking…                                             [m[38;2;217;225;244;48;2;24;28;44m  [m
[38;2;217;225;244;48;2;24;28;44m                                                            [m
[38;2;217;225;244;48;2;24;28;44m                                                            [m
[38;2;217;225;244;48;2;24;28;44m                                                            [m
[38;2;217;225;244;48;2;24;28;44m                                                            [m
[38;2;217;225;244;48;2;24;28;44m                                                            [m
[38;2;217;225;244;48;2;24;28;44m [m[38;2;217;225;244;48;2;30;36;53m [m[38;2;73;94;133;48;2;30;36;53m●[m[38;2;217;225;244;48;2;30;36;53m Plan 1/3 [m[38;2;217;225;244;48;2;30;36;53m [m[38;2;217;225;244;48;2;30;36;53m [m[38;2;73;94;133;48;2;30;36;53m●[m[38;2;217;225;244;48;2;30;36;53m Agents 5 [m[38;2;217;225;244;48;2;30;36;53m                                 [m[38;2;217;225;244;48;2;24;28;44m [m
[38;2;217;225;244;48;2;24;28;44m [m[38;2;59;71;98;48;2;24;28;44m╭─[m[38;2;148;163;193;48;2;30;36;53m QUEUED 1 [m[38;2;59;71;98;48;2;24;28;44m─────────────────────────────────────────────╮[m[38;2;217;225;244;48;2;24;28;44m [m
[38;2;217;225;244;48;2;24;28;44m [m[38;2;59;71;98;48;2;24;28;44m│[m[38;2;217;225;244;48;2;30;36;53m [m[38;2;217;225;244;48;2;30;36;53mReview the compact layout aft…[m[38;2;217;225;244;48;2;30;36;53m [m[38;2;138;183;255;48;2;36;45;67m Steer [m[38;2;217;225;244;48;2;30;36;53m [m[38;2;217;225;244;48;2;36;45;67m  [m[38;2;217;225;244;48;2;30;36;53m [m[38;2;217;225;244;48;2;36;45;67m  [m[38;2;217;225;244;48;2;30;36;53m [m[38;2;148;163;193;48;2;36;45;67m ↑ [m[38;2;217;225;244;48;2;30;36;53m [m[38;2;148;163;193;48;2;36;45;67m ↓ [m[38;2;217;225;244;48;2;30;36;53m [m[38;2;59;71;98;48;2;24;28;44m│[m[38;2;217;225;244;48;2;24;28;44m [m
[38;2;217;225;244;48;2;24;28;44m [m[38;2;59;71;98;48;2;24;28;44m╰────────────────────────────────────────────────────────╯[m[38;2;217;225;244;48;2;24;28;44m [m
[38;2;217;225;244;48;2;24;28;44m [m[38;2;59;71;98;48;2;24;28;44m╭────────────────────────────────────────────────────────╮[m[38;2;217;225;244;48;2;24;28;44m [m
[38;2;217;225;244;48;2;24;28;44m [m[38;2;59;71;98;48;2;24;28;44m│[m[38;2;217;225;244;48;2;30;36;53m [m[38;2;239;200;110;48;2;30;36;53m [m[38;2;239;200;110;48;2;30;36;53mAPPROVAL REQUIRED[m[38;2;217;225;244;48;2;30;36;53m                                    [m[38;2;59;71;98;48;2;24;28;44m│[m[38;2;217;225;244;48;2;24;28;44m [m
[38;2;217;225;244;48;2;24;28;44m [m[38;2;59;71;98;48;2;24;28;44m│[m[38;2;217;225;244;48;2;30;36;53m [m[1;38;2;217;225;244;48;2;30;36;53mRun make test                                         [m[38;2;217;225;244;48;2;30;36;53m [m[38;2;59;71;98;48;2;24;28;44m│[m[38;2;217;225;244;48;2;24;28;44m [m
[38;2;217;225;244;48;2;24;28;44m [m[38;2;59;71;98;48;2;24;28;44m│[m[38;2;217;225;244;48;2;30;36;53m [m[38;2;217;225;244;48;2;36;45;67m  Allow once  [m[38;2;217;225;244;48;2;30;36;53m [m[38;2;217;225;244;48;2;36;45;67m  Deny  [m[38;2;217;225;244;48;2;30;36;53m                                [m[38;2;59;71;98;48;2;24;28;44m│[m[38;2;217;225;244;48;2;24;28;44m [m
[38;2;217;225;244;48;2;24;28;44m [m[38;2;59;71;98;48;2;24;28;44m╰────────────────────────────────────────────────────────╯[m[38;2;217;225;244;48;2;24;28;44m [m
[38;2;217;225;244;48;2;24;28;44m [m[38;2;148;163;193;48;2;24;28;44m╭────────────────────────────────────────────────────────╮[m[38;2;217;225;244;48;2;24;28;44m [m
[38;2;217;225;244;48;2;24;28;44m [m[38;2;148;163;193;48;2;24;28;44m│[m[38;2;217;225;244;48;2;36;45;67m                                                        [m[38;2;148;163;193;48;2;24;28;44m│[m[38;2;217;225;244;48;2;24;28;44m [m
[38;2;217;225;244;48;2;24;28;44m [m[38;2;148;163;193;48;2;24;28;44m│[m[38;2;217;225;244;48;2;36;45;67m [m[38;2;217;225;244;48;2;36;45;67m[38;2;148;163;193;48;2;36;45;67mA[m[38;2;217;225;244;48;2;36;45;67m[38;2;148;163;193;48;2;36;45;67msk to do anything[m[38;2;217;225;244;48;2;36;45;67m                                    [m[38;2;217;225;244;48;2;36;45;67m [m[38;2;148;163;193;48;2;24;28;44m│[m[38;2;217;225;244;48;2;24;28;44m [m
[38;2;217;225;244;48;2;24;28;44m [m[38;2;148;163;193;48;2;24;28;44m│[m[38;2;217;225;244;48;2;36;45;67m [m[38;2;217;225;244;48;2;36;45;67m [m[48;2;36;45;67m                                                     [m[38;2;217;225;244;48;2;36;45;67m [m[38;2;148;163;193;48;2;24;28;44m│[m[38;2;217;225;244;48;2;24;28;44m [m
[38;2;217;225;244;48;2;24;28;44m [m[38;2;148;163;193;48;2;24;28;44m│[m[38;2;217;225;244;48;2;36;45;67m [m[38;2;148;163;193;48;2;36;45;67mDemo  [m[38;2;148;163;193;48;2;36;45;67mReference  [m[38;2;148;163;193;48;2;36;45;67mMedium  [m[38;2;148;163;193;48;2;36;45;67mSimulated  [m[38;2;217;225;244;48;2;36;45;67m  [m[38;2;148;163;193;48;2;36;45;67m Ctx — [m[38;2;138;183;255;48;2;36;45;67m [m[38;2;138;183;255;48;2;36;45;67m [m[38;2;255;130;155;48;2;36;45;67m [m[38;2;255;130;155;48;2;36;45;67m [m[38;2;148;163;193;48;2;36;45;67m [m[38;2;148;163;193;48;2;36;45;67m [m[38;2;217;225;244;48;2;36;45;67m [m[38;2;148;163;193;48;2;24;28;44m│[m[38;2;217;225;244;48;2;24;28;44m [m
[38;2;217;225;244;48;2;24;28;44m [m[38;2;148;163;193;48;2;24;28;44m╰────────────────────────────────────────────────────────╯[m[38;2;217;225;244;48;2;24;28;44m [m
[38;2;217;225;244;48;2;24;28;44m [m[38;2;217;225;244;48;2;24;28;44m  [m[38;2;148;163;193;48;2;24;28;44mDemo checkout · workspace         [m[38;2;217;225;244;48;2;24;28;44m  [m[38;2;148;163;193;48;2;24;28;44mBranch unavailable[m[38;2;217;225;244;48;2;24;28;44m  [m[38;2;217;225;244;48;2;24;28;44m [m
[38;2;217;225;244;48;2;24;28;44m [m[38;2;148;163;193;48;2;16;20;33m● connected  ·  Enter Send  ·  Shift+Enter Newline  ·  F4…[m[38;2;217;225;244;48;2;24;28;44m [m